12
81
0 61 177 191 107 25 114 125 65 199 109 173 65 52 184 68 94 140 173 136 50 30 111 163 195 126 139 105 81 84 159 27 2 14 165 55 130 29 69 73 14 130 29 146 6 31 37 78 125 72 98 70 197 47 111 10 46 193 191 107 196 84 58 165 97 191 107 45 3 161 142 174 51 169 154 37 47 111 30 5 90 0
8 22 40 79 98 154 180 207 218 240 245 257 264 271 302 370 392 407 410 413 423 465 475 490 497 627 629 642 660 697 735 777 797 803 805 822 833 955 957 971 1042 1060 1102 1122 1129 1196
67
0 83 194 111 10 46 85 152 188 7 92 125 42 31 6 161 55 151 97 41 104 92 192 8 77 176 54 141 24 98 70 197 74 177 137 12 128 47 37 183 18 97 159 61 131 16 93 188 3 22 187 101 156 93 75 32 168 91 8 178 54 57 80 62 46 10 83 0
17 45 64 101 405 445 534 594 650 663 736 800 825 878 882 898 933 964 969 1005 1032 1079 1088 1096 1109 1113 1163
102
0 83 17 63 83 0 90 122 10 49 171 95 103 33 185 39 115 164 9 64 145 132 145 180 158 79 146 187 128 121 130 29 35 90 133 99 105 155 21 144 16 86 101 65 57 51 96 192 193 31 42 103 95 134 40 62 32 75 140 173 198 8 77 186 88 91 118 116 95 103 7 156 162 3 188 152 153 92 192 193 139 105 99 133 191 107 181 182 44 126 178 111 47 37 165 55 31 6 161 151 10 83 0
72 86 140 167 170 189 191 222 230 256 262 269 299 306 313 361 389 424 453 469 485 488 508 509 530 558 562 581 592 600 614 620 637 690 729 751 764 773 775 796 812 818 887 923 939 998 1029 1048 1059 1098 1101 1135 1136
100
0 90 133 191 30 111 189 45 23 190 124 126 44 195 124 92 192 95 190 141 52 180 14 102 162 3 181 107 196 104 158 54 141 24 167 20 155 114 105 99 133 191 26 191 133 75 32 179 108 187 128 47 111 62 89 28 60 161 142 135 144 21 6 86 160 86 43 117 110 131 61 190 70 197 113 143 185 42 45 106 185 143 39 34 10 111 174 51 169 35 29 69 66 52 154 37 47 111 10 83 0
4 6 35 52 71 77 82 141 153 160 188 291 323 340 354 364 383 396 409 428 498 515 538 571 583 654 667 755 778 780 792 811 831 900 914 976 993 999 1062 1085 1123 1143 1147 1149 1184 1188
80
0 31 129 22 187 146 79 182 76 170 194 9 7 103 33 6 134 40 62 111 47 37 165 97 41 194 9 23 190 141 24 91 160 4 166 162 102 167 58 92 162 106 83 58 78 187 128 1 44 126 84 58 167 183 2 151 27 82 34 113 53 115 127 178 113 53 181 107 153 92 121 130 29 35 71 190 23 45 10 83 0
10 44 104 192 232 244 263 278 359 380 395 430 454 478 517 557 569 577 616 632 659 665 684 754 785 798 834 940 996 1061 1153 1168
83
0 145 109 30 111 189 7 103 42 4 166 196 107 25 114 134 77 8 178 180 26 191 133 99 105 81 59 144 63 159 61 177 137 177 197 12 128 1 198 44 122 171 172 156 7 87 121 156 153 92 192 56 6 51 135 142 174 48 51 124 92 5 30 111 10 46 43 188 152 50 147 11 59 37 47 111 10 49 174 8 77 186 90 0
54 65 93 115 148 162 193 200 283 303 341 365 376 400 419 421 452 578 617 676 692 726 746 827 832 868 871 873 875 919 921 928 947 949 952 961 1041 1045 1047 1117 1130
97
0 90 123 54 158 180 159 184 152 20 45 3 162 175 139 105 81 99 133 191 26 109 38 130 29 35 15 173 198 90 133 191 26 180 14 100 176 77 8 63 144 65 101 30 5 120 104 102 40 62 93 132 21 144 135 142 174 47 37 183 18 176 84 161 49 171 95 103 42 31 6 56 163 14 130 29 19 178 180 179 199 130 29 69 66 126 60 161 47 111 10 87 49 171 95 11 90 0
42 61 68 83 199 216 221 226 236 268 277 290 332 345 374 417 418 472 487 559 576 584 591 653 715 716 717 737 744 752 758 767 876 880 893 917 965 994 1058 1074 1115 1192
99
0 83 188 7 103 42 53 181 182 27 82 181 182 46 10 111 47 37 78 187 108 54 123 121 130 194 9 69 66 67 185 42 87 49 171 95 117 86 40 155 49 161 142 174 48 177 42 31 6 134 164 115 29 35 15 173 158 168 64 145 132 99 105 139 126 60 161 142 174 8 77 138 43 185 48 170 76 43 115 164 195 184 68 157 51 169 131 78 119 90 133 191 26 180 37 47 111 10 83 0
62 88 144 177 287 307 318 330 350 351 371 434 437 449 489 536 582 585 595 601 611 634 638 655 658 695 701 707 728 768 781 789 801 804 902 936 1011 1016 1022 1082 1137 1144 1159 1165
95
0 85 152 188 93 177 22 21 144 63 36 133 32 75 38 130 29 35 15 173 132 108 187 80 57 144 135 142 190 23 80 34 48 98 76 43 185 143 185 43 186 112 49 10 83 194 41 194 75 32 179 163 111 47 142 174 147 186 112 170 76 160 4 58 167 100 110 117 64 145 132 93 188 152 197 113 53 181 107 56 89 56 9 164 91 8 77 176 76 43 46 10 49 10 83 0
32 33 80 81 85 92 155 169 182 185 209 234 337 342 379 381 415 448 456 459 462 479 513 570 605 624 640 784 813 814 856 870 932 1013 1053 1057 1065 1073 1141 1169
113
0 83 17 162 3 159 55 44 169 51 135 23 164 9 7 103 95 134 156 153 170 76 43 46 10 148 15 35 29 69 66 67 77 8 174 51 169 131 78 119 101 170 76 42 103 7 23 189 168 64 145 184 28 60 161 49 171 95 134 40 159 61 155 105 99 133 191 26 109 197 74 129 31 5 30 39 34 7 103 42 31 6 156 153 72 53 181 3 162 184 52 138 98 70 161 142 174 51 96 192 193 165 23 190 171 49 10 111 47 140 43 185 48 0
24 133 214 255 258 281 286 289 326 333 422 426 440 446 451 483 524 535 580 625 639 645 691 718 733 765 771 826 872 890 895 966 972 977 1001 1002 1003 1054 1067 1081 1095 1170 1172 1189
99
0 90 133 99 105 81 105 139 13 41 151 16 112 170 76 9 115 164 35 71 139 105 99 133 191 107 181 3 188 93 16 75 47 50 121 113 53 181 3 162 184 68 157 68 178 126 44 122 165 55 109 11 63 36 43 185 42 4 166 32 75 156 36 111 47 37 25 120 25 114 98 70 63 144 90 133 191 107 181 151 150 186 112 170 112 116 83 188 93 197 113 53 18 183 37 78 46 10 83 0
11 47 75 95 106 121 139 175 242 270 280 294 317 338 393 468 550 563 568 628 669 672 678 710 837 853 861 884 885 958 982 1009 1014 1036 1055 1110 1161 1185 1193 1194
92
0 90 133 99 105 155 20 165 97 163 116 163 177 137 13 127 123 72 97 159 61 122 157 161 142 174 51 169 20 155 24 73 14 130 29 35 15 179 94 140 173 15 148 15 35 29 130 121 113 53 188 152 66 11 63 144 164 9 69 70 197 150 100 176 77 56 111 124 198 124 92 136 69 66 48 189 72 98 76 43 185 42 28 60 80 178 167 100 194 111 10 83 0
91 130 145 166 194 241 250 259 300 331 416 463 554 579 646 680 723 732 782 786 846 912 948 951 956 970 974 983 997 1038 1044 1075 1084 1148 1150 1174
